#Stirred pot reactor process
0=s61-x1*(L+V*2.523) #
0=s62-x2*(L+V*1.57) #
0=s63-x3*(L+V*0.0329) #
0=2.523*x1+1.57*x2+0.0329*x3-1 #
0=x1+x2+x3-1 #
0=s11-970-s51 #
0=s12-30-s52 #
0=s13-s53 #
0=s81+s101+s31-s61 #
0=s82+s102+s32-s62 #
0=s83+s103+s33-s63 #
s102=0 #
s21=s11/(1+0.211*1.5) #
s71=L*x1 #
s72=L*x2 #
s73=L*x3 #
s41=V*2.523*x1 #
s42=V*1.57*x2 #
s43=V*0.0329*x3 #
s51=0.75*s41 #
s52=0.75*s42 #
s53=0.75*s43 #
s81=0.1*s71 #
s101=0.9*0.1*s71 #
s82=0.5*s72 #
s83=0.2*s73 #
s103=0.8*0.4*s73 #
s22=s12/(1+0.101*1.5)+0.211*s21*1.5/(1+0.101*1.5) #
s31=s21/(1+0.44*2) #
s23=s13+0.101*1.5*s22 #
s32=s22/(1+0.219*2)+0.44*s31*2/(1+0.219*2) #
s33=s23+0.219*2*s32 #
x1.guess=0.1
x2.guess=0.2
x3.guess=0
V.guess=500
L.guess=500
s11.guess=970
s12.guess=30
s13.guess=0
s61.guess=970
s62.guess=30
s63.guess=0


/*

Most recent solution:
---------------------
Solution norm: 3.03158251407e-08
L    = 1554.56331191
s101 = 23.1523248266
s103 = 235.510190961
s11  = 1167.50979571
s12  = 298.194278134
s13  = 7.36842921792
s21  = 886.828557322
s22  = 502.714300066
s23  = 83.529645678
s31  = 471.717317724
s32  = 638.265326609
s33  = 363.089858733
s41  = 263.346394285
s42  = 357.592370846
s43  = 9.82457229056
s51  = 197.509795714
s52  = 268.194278134
s53  = 7.36842921792
s61  = 520.594447914
s62  = 918.938282372
s63  = 745.793919045
s71  = 257.248053628
s72  = 561.345911527
s73  = 735.969346755
s81  = 25.7248053628
s82  = 280.672955763
s83  = 147.193869351
V    = 630.763337421
x1   = 0.165479303202
x2   = 0.361095561185
x3   = 0.473425135613
*/
