A_C4 = 6.80896
B_C4 = 935.860
C_C4 = 238.730
P_C4 = 10**(A_C4 - B_C4/(T+C_C4))

A_C5 = 6.87632
B_C5 = 1075.780
C_C5 = 233.205
P_C5 = 10**(A_C5 - B_C5/(T+C_C5))

P = x_C4*P_C4 + x_C5*P_C5

//x_C4 = 0.1
x_C4 + x_C5 = 1

P = 643
T = 25
//P.guess = 760

y_C4 = x_C4*P_C4/P
y_C4 + y_C5 = 1